%bai3 
a=[-1 3.5 2; 0 1 -1.3; 1.1 2 1.9];
b=[1 0 -1; -1.5 1.5 -3; 1 1 1];
d=a*b
%bai4
E3=eye(3);
C=a.*E3
%bai6
